#{"t_start": 1695647713.2101433, "env_id": null}
r,l,t
44.987071,5,25.864173
3.0,1,31.229149
3.0,1,36.599195
10.537467,3,49.714805
3.0,1,55.297391
21.150903,3,68.196192
3.0,1,73.413526
3.0,1,78.979132
3.0,1,84.780154
3.0,1,90.297305
14.499108,2,99.480746
3.0,1,104.941078
3.0,1,110.650588
15.998145,2,119.946636
35.666574,4,136.217805
9.370517,2,145.378379
3.0,1,151.144873
7.358005,2,160.229303
12.644632,2,169.512934
3.0,1,175.281882
3.0,1,180.602076
9.28021,2,189.513206
3.084067,1,195.012819
3.0,1,200.511523
25.26881,3,213.597482
3.0,1,219.263401
15.848954,2,228.712763
12.868695,2,237.78465
15.807418,2,246.879959
15.254599,2,256.114418
3.0,1,261.801717
3.0,1,267.346422
3.0,1,272.753585
3.0,1,278.39416
3.0,1,283.87747
19.928725,2,293.544641
66.253858,2,302.625518
3.0,1,308.228262
12.245229,2,317.646692
27.764529,3,330.778082
3.0,1,336.210386
6.684583,2,345.460763
8.091372,2,354.659468
22.522286,3,367.300007
3.0,1,372.818699
14.328955,2,381.660837
3.0,1,387.097987
3.0,1,392.083659
15.419762,2,401.449369
3.0,1,407.161048
3.0,1,412.693174
3.0,1,418.326387
23.213296,3,431.144769
7.95084,2,440.399606
10.850106,2,449.512503
22.006382,3,462.711996
12.175104,2,472.227599
15.130076,2,481.160213
15.125589,2,494.913327
29.161413,4,520.951395
33.538613,4,546.50974
26.634224,3,565.325625
9.228044,2,578.677188
17.779227,3,598.875911
43.051451,5,631.942231
46.909584,5,663.577447
17.877354,3,682.274599
17.880346,3,701.041957
11.710356,2,714.276851
3.0,1,722.093837
3.0,1,730.091393
15.935597,2,743.808957
3.0,1,751.675476
3.0,1,759.125366
3.0,1,767.325514
3.0,1,775.825652
3.0,1,783.741902
14.028196,2,797.406571
38.148905,5,828.958965
3.0,1,837.25701
3.0,1,845.141566
3.0,1,853.191103
3.0,1,861.623755
23.823213,3,881.747978
13.791437,2,895.759191
3.0,1,904.04149
22.131725,3,923.574008
17.769271,3,941.990367
15.391622,2,956.574807
11.818034,2,969.841121
3.0,1,977.581694
15.895056,2,990.600479
3.0,1,998.959621
3.0,1,1006.889492
11.904986,2,1020.755172
30.537876,4,1046.756589
15.773831,2,1060.975736
41.958391,6,1097.597185
3.0,1,1105.623679
3.0,1,1113.43921
28.956268,3,1132.57513
21.814082,3,1152.489292
18.603349,3,1172.472919
47.757757,6,1210.538802
3.0,1,1218.23826
3.0,1,1226.162463
3.0,1,1233.823279
11.700496,2,1247.772498
3.0,1,1254.555284
15.991189,2,1267.509406
22.140787,4,1291.88807
7.33797,2,1304.956587
15.556523,2,1317.388052
40.811517,5,1348.67189
14.874249,3,1367.427292
6.384687,2,1381.739836
15.312416,2,1394.505523
3.0,1,1402.072554
19.40969,3,1421.966323
15.512429,3,1442.289415
15.710901,2,1456.504965
3.0,1,1463.806712
14.096946,2,1477.605017
25.948418,3,1496.653699
24.59805,3,1515.937971
4.802283,2,1529.721802
33.123232,5,1560.957276
107.017414,11,1626.854696
3.0,1,1634.786935
86.411509,10,1698.008822
3.0,1,1705.621626
3.0,1,1713.045171
77.744328,8,1762.46898
3.0,1,1770.506207
30.274248,4,1796.902143
97.038191,11,1865.219508
84.460108,9,1921.269226
103.359792,9,1977.23748
13.66192,2,1990.969486
20.919074,3,2011.600824
20.922385,3,2031.358254
3.0,1,2038.468706
45.117911,4,2062.286242
3.0,1,2070.122218
3.0,1,2078.217157
20.833935,3,2097.802105
117.608121,11,2165.418689
83.692393,8,2215.517808
28.667053,3,2234.209122
70.686477,8,2283.950149
115.609137,10,2345.817363
54.148626,5,2378.582864
65.440434,7,2421.602709
29.354574,4,2447.602971
43.592892,4,2474.467975
14.659433,2,2488.714983
36.464346,5,2520.083097
64.29158,7,2563.199664
54.560246,5,2594.815901
120.045831,6,2632.131427
148.164554,8,2681.015651
66.15518,7,2722.965454
104.75244,9,2779.14741
74.360333,6,2817.064933
86.82914,8,2868.981269
70.846859,2,2882.999223
44.766846,4,2908.333141
43.278919,4,2933.529607
81.602765,8,2983.214046
101.195486,8,3033.393415
12.184623,1,3041.551114
88.403962,7,3084.988281
109.580222,5,3117.579085
55.613559,6,3154.980468
14.014461,2,3168.39472
25.546305,3,3187.696915
24.919022,3,3206.967276
83.617438,3,3227.397032
49.627159,5,3258.045805
36.494781,4,3283.713535
77.418146,7,3324.801013
76.749102,8,3375.602245
20.156138,3,3393.428348
74.975358,7,3439.143471
73.281135,7,3482.411842
34.640351,4,3507.626543
39.330368,5,3538.210803
96.904082,9,3593.794328
72.457086,7,3636.657578
93.684852,8,3685.659397
51.397636,6,3724.776279
25.759843,2,3738.982087
27.254599,3,3758.875811
90.867705,7,3801.342717
46.763086,5,3832.857706
92.055418,8,3881.575464
135.732152,7,3927.626789
12.949852,1,3935.559034
58.524828,5,3968.72608
88.765662,8,4016.823971
82.918912,8,4067.37367
75.025935,7,4112.624056
101.331147,9,4170.292585
87.721062,7,4213.140032
6.542683,2,4227.44335
67.917706,7,4271.465409
97.728938,9,4327.340704
28.583502,4,4353.072551
138.844029,8,4400.590105
10.158267,2,4414.091206
71.318963,7,4455.991371
79.546823,7,4501.007213
71.06056,7,4545.205594
34.724598,4,4571.137695
25.993915,2,4584.956008
77.926948,6,4623.289105
48.20415,5,4654.621454
41.525733,5,4685.99486
9.146421,2,4699.1539
70.23911,2,4713.104135
71.10654,7,4756.437195
32.411066,3,4776.286819
66.676153,7,4820.703766
71.696898,6,4859.955757
52.055408,6,4898.071815
96.517705,8,4948.585766
56.751432,5,4980.009165
58.687413,6,5018.503668
48.238526,4,5044.836528
90.615406,7,5088.034655
37.848996,3,5107.617899
21.530524,2,5120.219807
63.238126,6,5156.427164
146.997617,8,5203.568334
62.046171,6,5242.185159
65.111097,7,5286.568382
109.12316,5,5317.234818
22.290108,3,5337.051055
108.912648,9,5393.883798
80.626694,7,5439.283716
72.915324,6,5477.59969
90.679099,7,5521.401455
78.021123,8,5571.682497
25.379011,2,5585.51693
35.720599,3,5605.357947
22.508909,2,5619.374619
80.933814,9,5675.748803
51.808136,5,5707.349559
32.397495,3,5726.865881
81.62322,7,5769.953214
23.16029,3,5789.948751
95.333759,8,5839.148649
65.619706,7,5883.478276
48.495873,5,5915.613763
12.340784,1,5923.064906
68.930018,7,5967.171602
10.266453,2,5981.240483
87.118186,8,6029.214625
53.431959,6,6068.346632
24.379046,4,6094.881861
62.766177,8,6145.613478
82.910439,7,6188.835738
97.290243,8,6240.640377
68.507743,6,6280.234909
93.85092,8,6330.379124
29.726359,3,6347.979161
67.241026,7,6391.761406
72.260082,7,6433.614602
40.24147,6,6470.712497
22.26182,5,6501.183672
78.856591,7,6544.661054
80.11666,8,6594.260719
51.599965,6,6632.91084
122.765693,6,6670.81491
135.29069,7,6713.561462
90.8509,7,6757.330216
48.023285,5,6787.292685
103.930162,8,6836.393508
32.629901,4,6861.530649
77.59687,7,6902.660496
29.868588,4,6928.592228
50.600841,5,6960.325204
102.678701,8,7009.893319
61.993497,5,7040.242513
34.836491,3,7060.276621
64.482612,5,7091.893081
94.206977,8,7141.875904
16.385256,3,7162.641072
80.129702,7,7206.625671
74.973041,7,7248.358587
38.580636,3,7268.107502
87.898983,8,7315.509991
76.389985,7,7360.161101
44.274886,5,7391.125713
135.905278,7,7433.55714
90.384145,7,7478.521741
73.58867,7,7523.725155
88.022863,8,7573.037641
83.454665,8,7623.339797
43.585014,5,7653.427214
100.568176,8,7700.555969
56.771195,5,7730.224756
80.110062,7,7772.321064
33.177814,4,7796.873086
71.815634,7,7840.32062
88.923655,7,7882.109213
25.814331,2,7896.437011
55.112889,6,7935.321553
93.389105,8,7987.072381
47.619825,6,8025.820266
25.450801,2,8039.523646
27.268731,3,8058.759139
121.998382,6,8097.603354
80.191184,8,8148.919078
48.457664,5,8180.536405
89.408266,8,8227.56937
57.974045,1,8234.969225
34.588,4,8261.768861
39.744708,5,8292.286907
34.735841,3,8312.769377
14.073506,2,8326.119
58.045925,6,8363.758533
68.928821,6,8401.436064
70.201255,2,8416.004226
27.007943,3,8435.99079
70.846343,7,8480.357821
45.497314,4,8506.70084
78.558484,8,8555.819446
73.743333,6,8593.517732
63.976297,7,8637.768574
31.48556,3,8658.123896
74.521568,7,8701.683394
93.935586,8,8749.436527
38.585101,3,8769.335468
80.068059,7,8814.983472
79.877852,8,8864.453491
73.442185,7,8909.066157
116.202535,9,8963.848684
50.713177,4,8990.681643
23.103184,3,9010.967175
57.518319,6,9048.11496
71.319293,7,9092.85072
59.222548,5,9123.01472
109.115075,5,9154.047473
86.917223,7,9197.581531
71.362655,6,9237.13115
35.02404,3,9256.664996
91.744948,8,9306.198975
84.378334,8,9356.339972
50.871739,5,9388.364089
90.557749,8,9438.896417
80.867665,7,9482.482916
32.091049,4,9506.778164
86.790263,8,9557.317819
67.933888,6,9595.646725
135.867624,7,9638.796784
93.311137,8,9687.911113
140.180587,8,9738.230983
18.695514,2,9752.677481
22.916902,3,9772.227719
87.399681,8,9821.664536
72.491481,7,9864.727648
56.826104,1,9872.196556
38.400122,3,9891.610957
85.712002,8,9941.844399
80.871629,7,9986.110583
85.121335,8,10037.160571
75.190964,7,10080.242747
79.272134,7,10124.34305
8.395653,2,10138.025683
72.18339,6,10176.674937
70.825873,2,10189.726489
62.555411,6,10225.509539
71.897366,7,10269.946256
80.73106,3,10289.359059
82.754011,7,10333.677388
89.84391,7,10376.981438
116.161312,9,10433.540911
51.044428,5,10465.808858
68.523822,7,10508.689534
107.667682,5,10539.141376
90.51379,7,10582.15709
35.116362,4,10607.411193
65.265133,7,10649.889064
89.424106,8,10698.65771
46.313972,4,10723.791148
85.013815,7,10768.511729
57.753608,1,10776.639346
75.274443,7,10821.122985
46.60462,5,10851.970417
113.8833,9,10908.49281
9.679606,2,10922.739645
97.078858,8,10972.522637
50.482251,4,10997.720873
82.169494,8,11044.722251
94.452418,8,11093.840672
56.453072,5,11126.160985
20.272836,3,11143.772905
31.946684,3,11161.987656
93.416082,9,11218.620187
50.768371,5,11250.236364
43.972567,5,11281.735993
83.887066,8,11331.369322
122.731678,6,11368.588278
67.830337,6,11406.744722
73.61307,7,11448.176357
37.970564,3,11466.968846
102.870446,8,11512.652076
84.432323,9,11568.735168
34.901258,3,11588.229896
111.533731,9,11644.70124
44.570232,4,11669.283954
81.457533,7,11711.968871
31.630077,3,11732.351051
82.013882,8,11779.816926
103.908489,8,11826.868797
73.991662,7,11871.599898
87.008283,7,11916.366293
133.74555,7,11960.102037
103.870743,8,12010.51563
33.073234,4,12036.587912
148.454042,8,12085.967064
82.610506,8,12135.715475
22.931327,3,12155.517915
61.020102,6,12194.01804
52.230834,5,12226.316609
34.231262,4,12253.088518
70.68566,2,12266.830553
135.599044,7,12308.632727
70.499582,7,12351.614885
51.339708,4,12377.664532
42.039644,4,12403.647929
107.760909,9,12460.340006
42.313073,5,12491.602598
44.393654,4,12518.549308
109.673756,9,12574.697423
63.588142,7,12617.713908
98.244915,10,12679.56437
83.39286,3,12700.313829
70.450854,2,12714.163389
57.287134,1,12722.353904
98.83915,8,12769.762408
70.536186,7,12813.811921
34.14248,4,12839.197096
94.767038,8,12890.244479
43.907222,5,12923.683655
9.764972,2,12937.627028
35.904978,4,12963.729868
85.783924,8,13014.261644
90.696027,7,13056.576635
69.457327,6,13094.64454
108.981894,10,13156.229292
86.913996,8,13205.751294
87.577898,8,13254.853513
64.048591,5,13286.159351
96.639083,4,13311.047187
87.530012,8,13359.226994
109.869899,9,13411.915698
8.595751,2,13425.049991
33.556858,3,13445.179588
87.120985,8,13494.641971
86.913586,9,13547.830474
85.863407,8,13594.519136
91.551055,8,13643.126466
58.835897,6,13680.097864
49.916062,5,13711.561744
64.643615,8,13760.708264
102.558346,9,13813.990122
65.663362,7,13855.562819
64.26676,7,13898.775338
116.443924,9,13953.658174
98.83934,9,14007.706317
42.658655,4,14031.756399
71.919223,9,14084.947163
66.341323,7,14127.594481
145.539447,8,14175.306239
109.339285,10,14235.963169
95.443625,9,14291.273333
106.157925,11,14357.45463
10.29693,2,14370.687829
67.805916,7,14412.070776
95.437869,8,14459.750382
22.358083,3,14479.138746
93.189757,9,14533.688652
83.210193,7,14575.67761
100.363668,9,14628.706225
35.84722,4,14654.009056
91.401629,9,14707.754844
40.105703,4,14732.704391
32.686006,3,14752.087077
34.293874,3,14772.132813
113.431813,10,14831.905525
69.728748,7,14874.720844
49.779773,4,14899.172758
57.678942,6,14935.801886
80.835313,7,14977.940451
103.35575,8,15029.860279
78.803107,8,15078.622643
80.225008,9,15133.823829
83.478447,8,15182.967138
105.697149,9,15239.404321
67.450681,6,15275.651664
51.19607,6,15312.883815
65.380429,6,15349.122053
68.88512,7,15392.546599
90.27008,8,15441.431598
74.908083,8,15490.860782
108.827626,11,15556.460892
90.436479,7,15599.788856
84.774397,8,15649.815428
96.823526,4,15675.087287
135.294481,7,15719.667596
83.711384,7,15763.33075
74.220901,7,15808.510114
121.965924,6,15844.546623
106.874021,10,15904.963486
88.266615,9,15957.212811
74.108798,7,16000.763257
146.239854,8,16048.895003
83.183928,3,16069.348814
70.322586,6,16107.61182
90.424289,9,16162.244895
47.766689,5,16192.932033
109.030761,9,16248.778529
100.979615,10,16309.598845
64.478267,8,16358.543819
51.159974,5,16391.584385
99.065339,9,16445.259879
69.639987,6,16483.326204
145.946248,8,16533.5584
51.552367,7,16576.811458
99.598488,9,16635.545938
64.264914,5,16668.908916
72.836741,8,16717.926694
64.898114,6,16755.056486
107.362261,10,16817.036752
70.867706,7,16859.926532
75.450359,8,16910.059613
94.743323,9,16964.578369
57.993987,1,16972.19674
78.464037,8,17022.329406
81.773871,8,17069.90693
77.072491,8,17118.300652
66.472224,7,17160.112556
70.376602,2,17173.573553
80.954745,7,17217.671755
128.815076,10,17278.943041
20.981498,2,17292.305931
35.762168,4,17318.830493
63.032355,8,17370.338371
12.995988,1,17378.238219
76.213253,8,17426.005795
94.88414,9,17482.471062
79.507751,8,17530.720306
79.563752,8,17580.03746
69.034727,6,17617.87053
109.778617,5,17649.954
40.865924,5,17683.338857
74.967506,8,17733.591585
68.20775,7,17776.853066
122.588686,6,17814.686198
80.73671,9,17869.108367
68.268919,7,17913.573164
73.037016,7,17956.119705
113.125743,11,18024.021028
41.452626,4,18049.606741
83.44663,3,18069.252095
75.113582,8,18119.190032
63.16196,5,18152.034287
55.343891,6,18189.418227
68.601497,8,18238.80043
81.193255,3,18258.904246
89.203643,8,18308.438327
61.529754,7,18352.218022
105.491016,9,18407.366708
68.177535,7,18450.651299
101.50678,10,18512.899999
93.749415,10,18573.414947
122.801417,11,18638.704366
77.030576,7,18683.981278
81.274502,8,18735.015526
96.548984,10,18796.715059
85.669072,8,18845.145056
96.505364,4,18869.3976
134.985068,7,18910.870249
75.063472,7,18952.108422
58.592668,6,18988.485327
109.691809,10,19047.803142
103.763408,8,19097.047486
76.066278,8,19146.546082
58.270853,6,19185.119879
104.174517,9,19242.046767
74.363846,7,19287.496197
121.193296,11,19353.294253
58.332629,5,19385.195144
121.550956,11,19450.495582
104.741436,5,19481.521541
72.955566,8,19532.690253
90.709977,8,19580.376234
114.473391,10,19643.225279
94.55,4,19669.132924
60.91175,5,19700.215237
127.041844,11,19767.108579
112.932281,11,19834.698047
124.051978,11,19901.324652
126.229163,11,19965.911465
87.585115,9,20021.097976
88.070057,9,20073.740395
86.377987,8,20121.556702
125.357592,11,20186.195515
70.605261,2,20199.363254
99.538622,10,20258.045847
105.212238,10,20319.49126
120.754235,11,20386.157336
110.14159,10,20449.407313
25.982925,2,20462.671357
106.767897,10,20522.590103
121.822425,10,20582.728757
90.004983,9,20638.870876
38.569303,3,20657.879104
117.51351,11,20722.604195
77.424729,6,20759.461854
127.426323,10,20821.70466
87.857221,8,20871.209645
105.962431,10,20932.838553
57.94251,5,20964.478197
114.999323,11,21030.102931
66.321498,7,21071.386303
119.113879,11,21138.034876
134.196913,7,21180.485356
77.934153,8,21229.640139
82.376036,3,21248.768435
102.874093,10,21312.107798
120.509691,11,21378.034854
96.357693,4,21403.133997
106.171826,9,21457.145887
25.602627,2,21470.051836
120.273132,11,21537.234619
72.551009,6,21575.800212
106.403563,5,21608.933177
67.778654,6,21646.714938
100.405303,10,21705.833585
47.896379,5,21734.881188
123.222656,11,21799.431936
55.266844,8,21848.61809
124.520798,11,21915.830592
99.095581,9,21969.815155
105.611132,9,22024.446695
56.571375,6,22062.498602
42.851575,5,22094.013534
83.851273,3,22113.680901
53.232963,7,22154.853058
30.710187,4,22179.896661
57.765064,6,22216.964325
89.767411,7,22261.679817
40.862119,6,22299.201832
82.021777,8,22346.518655
107.718902,5,22377.296602
95.320857,8,22426.255548
121.970955,11,22493.396975
35.780943,4,22519.136573
111.148157,11,22584.834981
113.923318,10,22645.142026
119.204877,11,22711.09574
123.206073,11,22777.667544
67.976593,8,22826.566253
73.47076,7,22869.059896
93.518482,9,22923.896914
117.118198,11,22990.492943
110.31835,9,23045.360475
29.720394,4,23070.70921
68.56199,8,23121.07684
74.529293,8,23170.391439
100.229637,9,23223.390844
79.389657,8,23273.109213
32.714502,4,23297.391405
75.784571,8,23346.399644
98.521064,9,23401.240163
83.655228,3,23421.88052
28.843895,3,23441.578633
83.857767,3,23461.557995
85.818809,9,23517.184071
101.565917,9,23574.48776
63.155393,6,23610.156044
51.766747,4,23636.193091
41.246312,6,23674.152955
94.204672,8,23722.230812
103.35208,10,23785.255588
29.587272,3,23804.05388
172.176888,10,23864.554626
57.698205,1,23872.042915
35.995809,4,23896.927827
115.087825,9,23951.458808
43.187962,5,23983.461085
82.651236,3,24002.987071
89.152384,8,24052.12184
108.339119,10,24112.758872
108.149028,10,24175.236456
119.419203,6,24212.842424
125.59008,11,24279.336153
76.966019,7,24323.486748
53.470055,6,24359.902253
52.476574,6,24397.085735
34.249732,4,24422.818885
59.650433,6,24460.601005
44.652324,4,24485.951759
70.594282,8,24533.052589
89.535414,9,24588.136258
104.966962,9,24643.533512
104.887658,10,24704.233992
121.11144,11,24770.215642
43.329243,4,24794.900939
88.576272,7,24840.598748
157.922674,9,24894.466348
46.025706,5,24924.615885
127.374679,11,24991.409303
121.989271,11,25057.798498
77.669696,8,25106.73279
120.745034,11,25172.480269
148.258781,8,25219.730026
125.116619,11,25285.299108
51.385655,6,25321.555504
113.197032,11,25389.046693
63.433822,8,25439.463682
115.831425,9,25492.447168
123.685348,11,25558.602036
50.772951,5,25589.719547
51.079456,4,25615.895316
126.259596,11,25681.378881
53.007515,6,25719.578326
109.209139,10,25779.145106
96.000709,4,25804.817762
97.492022,9,25859.429031
63.662134,8,25908.410555
98.755195,9,25963.712498
77.151377,7,26006.43068
29.995146,4,26032.175348
79.806709,7,26076.627646
73.585023,7,26118.797868
96.188449,4,26144.627914
72.112595,7,26187.91543
61.48712,5,26218.29316
104.491179,9,26272.208554
52.263732,1,26280.559146
122.060498,11,26347.414481
49.453407,5,26378.209062
55.615801,5,26409.842046
55.259538,6,26447.141154
73.863607,7,26491.324155
53.16891,6,26527.575321
111.530679,11,26595.893638
121.24084,6,26632.411325
83.421756,9,26685.894624
85.563164,8,26734.104784
77.5915,6,26770.260485
88.938993,7,26813.139014
86.622171,10,26873.689798
84.296717,8,26922.255937
54.389477,6,26960.356928
100.663028,10,27020.645512
100.527683,9,27075.603546
135.093491,7,27118.636863
114.155304,9,27173.336308
123.410552,11,27237.120357
84.783259,9,27291.92582
100.538856,9,27346.308917
75.360053,8,27396.336597
99.583586,9,27450.536054
126.047861,11,27515.652928
90.782262,7,27557.952594
123.992562,11,27625.575658
77.573603,7,27669.852405
108.943495,10,27732.583953
37.538069,5,27765.116859
92.962697,9,27821.741463
118.397679,11,27888.082874
79.817247,8,27936.502738
121.978033,11,28003.772846
89.633513,8,28052.45179
80.259238,7,28097.599695
78.459762,7,28143.805826
107.393956,5,28175.481835
99.506576,8,28223.989953
59.185444,6,28261.382382
62.752252,6,28300.181778
119.058939,11,28365.249224
112.994822,11,28431.413337
95.01196,8,28479.149976
89.816899,8,28530.096772
120.959453,6,28568.514786
80.612176,8,28619.447942
123.509377,11,28687.062497
107.4496,10,28750.330324
97.816803,9,28805.481653
124.983392,11,28871.811026
97.208753,8,28923.029841
76.22515,7,28967.545079
107.492531,5,28999.194297
123.171568,11,29064.844739
101.249945,9,29119.994623
96.72374,9,29174.660673
83.065067,3,29194.19383
73.742019,8,29244.742807
78.518055,7,29287.716528
105.356057,11,29355.093649
51.713565,6,29392.698579
45.270826,5,29423.999178
94.83116,4,29449.276136
108.879941,11,29515.509482
102.0392,10,29578.514004
73.399391,7,29621.010078
103.973298,10,29683.192861
75.19957,8,29733.157254
43.850083,4,29759.091297
73.369392,7,29802.974736
99.064753,9,29857.459023
84.298809,8,29908.605772
82.075866,3,29928.377669
83.963549,7,29970.943803
72.113202,7,30013.840418
61.102761,6,30049.539514
55.537003,6,30087.378195
58.988948,6,30125.733346
71.767972,8,30174.088695
91.314273,8,30224.638854
104.197311,9,30279.206177
169.555364,10,30339.77105
50.616516,5,30371.072338
120.697236,11,30438.505442
109.07252,9,30492.254721
109.43332,5,30522.365522
86.917406,8,30572.453083
135.134401,7,30616.12621
126.023486,11,30681.586721
58.706906,6,30717.918001
118.485375,6,30755.137691
124.331086,11,30822.285858
120.377681,6,30861.285728
89.365459,7,30903.717275
77.442523,6,30941.218776
110.276497,10,31003.185287
42.776976,4,31028.933833
104.15044,10,31093.384979
70.127966,7,31136.733757
107.461439,10,31199.800936
115.252995,11,31268.21803
108.874582,10,31330.416559
117.624313,11,31396.799494
112.398289,11,31464.170862
105.065911,9,31518.432096
118.108573,11,31585.602658
119.14488,11,31652.155582
78.8938,7,31696.165777
76.656788,8,31746.614616
111.322126,11,31813.530948
112.197681,11,31876.856874
110.976176,10,31940.150632
80.760354,8,31988.75126
53.359965,6,32025.155553
124.173925,11,32092.885152
51.551632,1,32100.784711
50.81318,6,32137.534623
108.191933,10,32197.792882
102.878851,9,32252.495387
67.26473,7,32295.659974
101.645521,8,32343.101348
124.157623,11,32408.160561
72.531941,7,32451.126642
159.355688,9,32505.876497
124.6479,11,32571.592848
112.838415,9,32626.200995
113.362052,11,32693.125141
76.851776,6,32728.876715
130.889772,11,32796.37662
54.576647,6,32833.780587
122.342182,11,32901.658346
76.531143,7,32945.854309
59.117075,7,32989.692023
110.439343,11,33055.223763
117.07216,11,33120.374467
59.708662,6,33156.478835
75.907034,6,33192.506731
108.221543,10,33254.91172
101.419179,8,33304.155846
60.876587,6,33339.973183
34.258013,4,33365.223866
119.909083,11,33432.82136
96.169785,9,33487.135703
77.779096,7,33529.980769
120.732191,11,33595.459493
65.581065,7,33637.286141
82.373426,9,33691.419595
122.193505,6,33729.906163
94.668562,10,33791.108804
155.675041,9,33846.652909
110.460223,11,33911.75281
134.071346,11,33978.586338
99.727583,8,34027.801496
116.619347,11,34095.752775
125.313967,11,34162.351585
138.398051,11,34229.203218
84.293262,9,34282.022911
122.184527,11,34346.215933
106.639535,11,34413.460115
125.377974,11,34479.483023
22.496733,3,34498.91173
81.268174,8,34546.738992
96.123067,10,34605.968527
125.32652,11,34672.732389
134.400793,7,34714.999856
109.417435,5,34745.819928
89.583439,8,34792.74704
132.12311,7,34834.746845
82.314022,9,34888.780555
79.874664,8,34937.778983
93.74336,4,34962.679436
117.249838,10,35022.863218
121.125178,11,35089.168914
141.965244,11,35154.245691
98.203714,9,35206.963197
102.708246,9,35262.600645
107.800462,5,35294.930008
78.147113,7,35337.47966
57.813551,5,35369.195507
93.702217,9,35424.582186
76.169229,8,35472.631974
123.322926,11,35538.694454
99.652757,9,35592.384853
126.624442,11,35659.93131
37.17258,4,35684.682553
119.814086,11,35750.275769
81.57024,8,35799.842316
95.016,9,35855.742385
51.826866,4,35880.050195
48.0,1,35887.525411
70.529905,7,35929.493623
111.422426,10,35992.057772
126.435832,11,36058.242161
62.022349,7,36100.047033
94.622259,8,36145.859781
93.929046,8,36194.26408
120.978985,11,36261.290809
120.170105,10,36323.474232
139.037966,8,36372.339824
106.590351,10,36436.523029
135.351465,7,36479.024294
60.980018,6,36517.13813
106.983389,9,36572.364817
94.474776,9,36627.558887
113.113772,10,36690.237719
114.847728,6,36728.344981
92.546047,8,36775.004157
61.00608,6,36812.571424
121.775644,6,36850.126628
37.505411,5,36882.509921
110.075714,10,36944.902931
121.560989,11,37013.308262
113.850192,10,37076.286031
107.203726,10,37138.65209
89.285007,9,37192.768164
118.698465,11,37259.422589
96.531401,8,37308.55823
53.092035,5,37340.688097
127.817939,11,37408.105378
86.297519,9,37464.273694
110.344351,10,37527.486528
104.255577,10,37590.217084
126.535603,11,37657.572638
73.04741,7,37702.062995
131.107462,11,37767.105263
133.483702,7,37809.516356
63.07988,6,37846.900588
142.426925,8,37896.549872
126.206661,11,37963.631526
12.851845,1,37971.449498
89.531412,7,38016.014675
93.947954,8,38066.33232
122.936042,6,38103.366071
122.485286,11,38171.29872
118.316621,10,38235.695843
116.797977,11,38301.448766
146.527371,8,38352.596471
110.974872,10,38415.196917
86.568775,8,38463.586777
112.449639,10,38525.84498
104.341864,10,38589.899728
160.655425,9,38644.945775
38.663925,3,38663.925225
58.749607,5,38695.617521
108.537599,10,38758.445161
125.405765,11,38823.961065
126.104258,11,38891.860455
124.535332,10,38955.261294
112.704639,10,39017.979495
105.23174,10,39078.960152
95.132386,4,39104.895121
126.593134,11,39170.26706
73.732958,7,39211.72628
119.619387,11,39278.625557
67.749473,7,39321.046486
122.816071,11,39387.324994
95.054002,8,39437.473397
109.555445,5,39469.212663
60.151176,6,39505.927943
87.473856,8,39556.48019
67.525121,7,39598.945854
117.729798,11,39665.857113
3.0,1,39673.242943
114.99801,11,39740.374068
123.490597,11,39806.490251
115.968125,11,39872.157228
83.397466,3,39890.137869
93.371174,9,39944.50572
159.572965,9,40000.756017
133.97971,7,40044.603437
121.531177,11,40112.110834
83.256425,3,40132.653435
116.47902,11,40197.907042
113.426893,10,40260.070984
90.541614,8,40308.954003
103.273308,8,40358.711273
113.999933,9,40411.736257
101.972602,10,40472.569367
76.990596,6,40508.475902
92.47459,8,40557.208201
141.474998,8,40605.285079
124.425231,11,40670.42043
82.913773,8,40717.699958
112.421074,9,40771.168135
131.794144,11,40838.901708
125.925502,11,40906.567835
72.309562,7,40951.451492
107.687111,5,40982.433493
116.269843,11,41050.115838
124.071346,11,41116.569768
90.753168,9,41171.749612
125.273248,11,41237.733477
55.337681,6,41274.04879
126.735938,11,41340.648346
94.74498,8,41389.14845
81.945493,3,41408.381889
145.130706,8,41456.486734
50.86096,5,41488.098927
121.934277,11,41552.880243
79.902617,7,41596.714616
124.615849,11,41664.728834
82.678947,8,41712.512998
121.409874,11,41778.918758
116.018798,10,41842.496366
122.188302,11,41908.745229
126.026773,11,41975.255737
133.405537,11,42041.810883
103.822547,9,42096.947018
125.358264,11,42162.689198
103.557022,5,42195.197397
103.4591,8,42242.375077
86.942342,7,42286.083494
52.561644,6,42323.357836
121.513069,11,42391.126556
174.654188,10,42453.148023
124.848896,11,42520.210208
46.082428,6,42556.960581
115.949253,9,42610.084907
125.818913,11,42676.441352
60.334278,6,42713.461222
124.119398,11,42777.74432
118.870738,11,42843.741831
52.991752,5,42876.064472
125.904144,11,42942.094894
160.069294,9,42997.022446
107.159194,10,43059.639398
124.112623,11,43124.727436
101.840097,8,43174.559621
121.718709,6,43214.072522
111.676468,11,43281.606383
104.333813,5,43314.10519
115.443811,10,43375.240384
95.5411,4,43399.753515
125.581799,11,43466.509474
77.599563,6,43502.011934
125.747308,11,43567.674106
124.107155,11,43634.984821
48.741721,5,43666.086473
96.42761,4,43691.770639
121.199143,11,43757.365244
122.415975,11,43824.253641
122.06967,10,43885.684107
86.544001,8,43935.484978
146.132521,8,43985.285629
70.595281,6,44022.568373
102.878488,8,44070.100819
81.085049,7,44112.807811
124.235109,11,44180.009967
125.853752,11,44246.700706
120.989303,11,44312.673435
158.923256,9,44367.917178
90.697625,9,44422.941329
105.549936,5,44454.233881
124.129057,11,44519.90318
82.622229,8,44568.880865
48.5108,5,44600.682278
84.179173,7,44642.513337
119.404788,11,44710.314327
58.162173,6,44748.46529
117.997863,10,44809.253713
125.968927,11,44873.947596
116.963639,10,44932.61748
123.667889,10,44994.312194
122.83918,10,45055.044394
108.415017,9,45107.495099
84.981886,8,45156.479717
76.227321,6,45194.3999
93.395934,8,45242.726131
121.925053,6,45278.028772
77.347149,6,45316.766143
129.763899,11,45383.117438
123.75745,11,45449.976824
124.700955,11,45515.028068
88.857814,9,45572.209816
102.053508,9,45625.94842
52.60421,5,45656.892733
51.676163,1,45665.227952
81.677704,8,45711.507996
86.972821,4,45737.275835
44.700429,5,45768.173273
123.994913,11,45834.741011
52.648483,6,45871.364668
103.124612,9,45926.390712
81.228797,8,45975.074737
125.68096,11,46040.914524
129.222222,11,46106.6613
125.321256,11,46173.672399
57.151469,5,46204.644455
122.886141,6,46240.949827
50.41693,5,46272.077327
123.507112,11,46338.788365
70.40046,6,46374.917364
124.687254,11,46441.139148
102.12303,9,46496.436969
58.288685,6,46533.622352
117.605482,11,46599.327393
77.757872,6,46636.133844
139.177793,11,46702.803247
85.026546,8,46750.304685
126.601792,11,46817.857511
87.546606,7,46860.241679
109.558876,5,46891.710746
49.485785,5,46923.384983
125.332773,11,46990.574836
120.792241,11,47058.286538
101.58272,8,47105.217046
105.661934,10,47166.650959
125.282444,11,47233.481638
119.779984,11,47300.156924
96.438191,4,47325.699461
89.385062,8,47374.087867
71.715068,7,47415.632679
124.547841,10,47477.148018
123.542614,11,47544.047195
101.187037,8,47592.880415
101.746597,5,47626.270449
120.696567,11,47691.548845
118.753562,11,47757.519239
93.744186,9,47811.463263
122.10039,11,47877.746241
121.595252,11,47945.045843
115.633919,11,48012.782153
142.317292,11,48079.248028
142.451718,11,48145.282988
124.777699,11,48211.476753
63.81777,5,48241.861257
109.601933,5,48273.431319
129.969419,11,48341.077034
121.871532,11,48407.677182
126.705869,11,48473.914041
125.65649,11,48537.790739
118.876664,11,48603.559309
106.341929,6,48641.151239
122.139166,11,48704.607225
124.815163,11,48767.778792
90.006054,8,48816.586311
116.573567,11,48881.840113
117.310553,11,48945.904641
132.849778,7,48987.371892
127.155726,11,49054.089088
89.567199,7,49096.890548
122.827579,6,49135.165929
125.236124,11,49200.7221
85.290239,8,49249.585791
42.519981,5,49280.501672
135.489936,7,49322.994135
167.552888,10,49382.541731
123.531175,11,49448.772028
121.708786,11,49515.257076
146.784598,8,49561.302326
122.288768,6,49597.708633
63.618791,6,49635.193004
115.137565,6,49672.144805
126.051168,11,49738.368604
99.442041,9,49793.989079
96.213397,4,49818.453275
89.869993,9,49872.535158
121.475552,6,49910.103561
126.410666,11,49974.618285
113.907924,11,50040.336598
119.835045,6,50075.887386
119.270021,11,50141.806483
80.733411,7,50183.539116
109.871781,5,50215.304183
96.598119,4,50240.314299
120.827032,11,50305.259471
125.522995,11,50370.53136
118.107108,10,50431.597474
125.364591,11,50496.486876
83.366669,8,50542.732587
109.665091,5,50573.578738
64.498278,5,50605.117995
75.571274,7,50647.59734
124.572974,11,50711.953009
69.46942,6,50747.388603
122.935745,11,50812.546867
126.337136,11,50878.612099
90.631207,7,50919.203548
125.700884,11,50984.428951
121.793842,11,51051.178062
83.161555,8,51099.401353
124.554571,11,51166.535132
102.869912,8,51214.596848
91.333291,9,51269.325983
102.513406,8,51320.262895
117.66696,11,51386.625638
126.130769,11,51453.511806
134.729269,7,51496.668702
122.666799,10,51555.640431
54.626983,7,51597.315456
126.382246,11,51663.474924
125.807905,11,51728.478058
123.557794,11,51794.006836
127.074393,11,51860.108423
146.304597,8,51909.28764
135.329801,11,51974.979163
125.389652,11,52042.011535
128.965155,7,52083.171643
103.682207,8,52132.054185
89.807643,8,52181.421829
147.9728,8,52229.270228
139.074355,11,52294.593867
121.938068,11,52360.883082
126.554544,11,52426.896718
110.591685,10,52488.13723
78.068866,8,52535.118574
126.872347,11,52599.942049
126.217823,11,52666.641747
76.238967,8,52714.903547
122.507392,6,52753.636284
97.779553,8,52801.491878
72.336618,6,52837.517858
126.317224,11,52903.103837
122.293221,11,52967.422639
113.461012,10,53029.732395
94.803679,4,53055.693722
125.363399,11,53120.966583
122.958868,11,53186.649592
123.391401,11,53251.770296
125.376104,11,53318.546256
121.285022,6,53355.835517
60.202714,6,53392.097733
103.79052,11,53456.170623
124.043923,11,53522.088939
75.148849,8,53571.536532
122.401242,6,53606.796074
124.415897,11,53671.348302
95.051999,4,53695.379669
123.984086,11,53760.013968
119.766291,11,53827.054959
116.113081,9,53880.910701
126.850061,11,53947.810604
90.904716,8,53997.72618
124.080603,11,54062.261096
118.08118,11,54129.194372
126.091347,11,54196.699329
135.068848,7,54237.259298
101.950678,8,54284.625713
112.100834,9,54338.994031
66.268009,6,54376.08452
148.465638,8,54424.449251
89.455673,7,54467.558454
121.740314,11,54533.740381
65.460112,7,54576.84333
126.366186,11,54642.596513
122.352549,11,54707.190137
103.835075,10,54768.158794
116.484361,11,54833.774905
110.660732,10,54896.648603
172.282704,10,54956.708154
125.088746,11,55022.338021
123.045384,11,55088.070639
120.174223,6,55125.307509
65.904337,6,55160.285932
121.600714,11,55226.12702
66.396128,7,55270.875041
111.382822,10,55334.586692
140.607906,8,55382.886144
117.450833,11,55448.905131
124.762142,11,55515.673899
113.021271,11,55581.580517
124.858643,11,55645.617119
148.179609,8,55695.269827
96.951331,9,55749.041641
95.155673,9,55803.23455
77.119368,6,55840.090349
158.050961,9,55892.316782
103.383781,9,55945.524966
131.346884,7,55988.150198
126.129438,11,56054.566411
105.188103,10,56117.071651
74.476269,7,56160.138118
159.593552,9,56213.137064
79.739116,8,56260.814898
67.846535,8,56309.047967
126.756293,11,56375.530609
103.613337,8,56424.481505
120.14764,11,56492.765634
74.136884,7,56535.980338
124.069078,11,56600.968515
115.55213,11,56666.310812
126.487158,11,56732.302775
65.516348,6,56769.44622
104.085921,10,56831.740972
118.898451,11,56899.51244
96.211814,4,56925.444638
126.394065,11,56990.660697
126.227461,11,57054.882341
73.317333,7,57097.677863
126.625692,11,57162.894991
44.670246,5,57193.642833
125.102121,11,57260.662957
118.990853,11,57326.53159
147.577467,8,57373.607664
108.906077,10,57432.975201
55.303662,6,57470.425435
88.814217,7,57512.016015
119.607367,11,57576.490973
125.324643,11,57641.663584
89.121446,7,57684.52524
116.81616,11,57748.640134
123.771625,11,57815.728922
59.925838,7,57859.674144
110.66325,9,57915.206519
125.831254,11,57981.622253
123.808848,11,58046.759111
119.569086,11,58114.641937
91.539338,4,58140.405422
145.616227,8,58188.075105
127.490275,10,58248.602936
115.099667,9,58303.536022
115.032437,10,58363.971115
124.426787,10,58423.051619
138.470338,8,58472.435554
88.003508,9,58527.20656
124.590671,11,58594.271125
79.633928,3,58614.851186
73.297142,7,58657.363963
121.784006,6,58693.590074
64.066046,5,58724.217453
124.325513,11,58791.764958
114.77134,9,58848.116294
96.411187,9,58903.866534
120.569561,10,58963.305595
106.816846,10,59025.416
121.362284,11,59091.373069
156.518437,9,59145.134031
113.022064,10,59207.498082
126.621088,11,59273.871074
69.080765,7,59315.87296
120.92063,11,59380.633269
125.88858,11,59445.713327
91.980938,8,59496.167966
169.296749,10,59555.046147
122.825376,11,59618.646946
122.898906,11,59684.516025
123.286861,11,59749.596595
122.356731,6,59787.343424
118.884599,11,59852.860109
118.75622,11,59919.277284
120.564823,6,59957.161066
122.307935,11,60023.250559
109.218478,5,60053.593154
125.115252,11,60119.865562
119.539314,11,60184.966353
111.178137,11,60252.261314
116.524153,11,60320.025801
74.865522,6,60355.825971
107.946933,9,60410.663757
64.902406,5,60442.34524
109.220125,11,60509.239938
134.202242,7,60552.645138
124.339214,11,60619.423821
115.138922,10,60678.677907
171.354552,10,60739.189246
132.687527,7,60781.212264
165.280147,10,60841.08859
147.227453,8,60889.560262
77.070815,6,60926.822586
82.466031,9,60982.152251
125.201241,11,61048.975948
112.594793,10,61111.920411
162.474054,10,61171.808663
125.897973,11,61238.169837
125.678825,11,61304.044075
46.214148,6,61342.904126
122.842445,11,61409.124937
96.939829,4,61434.417024
62.091619,6,61469.902037
125.272396,10,61530.299761
122.902826,11,61595.150316
105.232326,10,61657.640476
107.138727,5,61689.533651
115.969859,11,61756.939345
125.939065,11,61821.500343
125.385804,11,61888.799755
109.556622,10,61950.667609
126.102804,11,62015.871485
121.354891,11,62081.156172
122.836154,11,62148.149243
96.439178,4,62173.962556
120.288858,10,62234.133045
146.993776,8,62281.851379
118.790334,6,62320.396009
135.658223,7,62363.528859
114.873109,11,62430.716253
114.525328,11,62496.667914
148.205999,8,62546.85178
121.489288,11,62613.27753
63.13619,6,62652.103003
118.550522,11,62719.892406
123.262765,11,62785.17151
117.873767,11,62849.977874
82.410668,8,62898.661518
124.368553,11,62966.948732
69.526084,7,63010.09202
125.024228,11,63077.022618
146.771072,8,63127.676505
116.225324,11,63194.357386
61.116519,6,63231.59713
121.104848,11,63296.059851
122.354834,11,63361.642165
125.324398,11,63428.280338
51.937204,4,63453.075462
119.542046,11,63518.154041
125.297094,11,63582.640085
119.064134,11,63648.040273
110.613081,11,63714.553838
66.070637,7,63756.244547
136.169645,11,63821.760946
117.798151,6,63857.821766
106.260823,10,63918.072009
82.727673,3,63937.027799
120.78012,11,64003.470162
124.203401,11,64068.80893
120.574809,11,64136.370537
115.645493,11,64201.019456
126.198874,11,64266.684518
148.51445,8,64314.035842
124.253401,11,64381.389575
88.836518,8,64429.915662
122.328509,11,64494.685284
121.650648,6,64530.980169
125.295415,11,64596.750483
116.151839,11,64661.56818
170.905385,10,64722.324537
88.692417,8,64771.433427
112.993663,11,64836.965673
96.880335,4,64862.706083
131.852954,7,64904.532933
134.652136,11,64971.764315
122.329365,6,65007.914127
87.623965,7,65051.349399
120.632054,11,65117.430362
132.234798,11,65183.158042
126.024528,11,65250.613984
69.908105,7,65292.119727
125.453707,11,65358.351854
122.627498,6,65396.565305
124.47869,11,65461.078775
131.915993,11,65526.467369
115.782341,11,65591.477871
121.121985,11,65656.450773
170.920418,10,65715.283427
125.598814,11,65782.313097
95.099889,9,65835.61557
80.214852,7,65878.94489
102.666881,10,65938.977775
121.515419,11,66004.559795
121.881066,6,66039.733607
69.660656,6,66075.065615
66.273853,7,66116.724161
92.56219,8,66166.174154
114.552331,11,66232.391318
115.442925,11,66297.574735
115.022242,11,66361.541311
122.870574,11,66424.954595
130.061247,11,66490.846546
130.060405,11,66557.30597
101.556106,10,66617.856334
120.656534,11,66682.808497
156.192755,10,66743.188333
46.233938,5,66773.892385
147.368509,8,66820.492456
122.92025,11,66884.42036
70.870528,2,66898.644497
123.561614,11,66962.113138
118.735641,11,67029.205515
122.410097,11,67095.860712
102.835693,8,67145.537929
148.340366,8,67193.88822
134.19464,11,67259.058245
119.623747,11,67324.07092
123.186929,11,67390.108629
122.52495,11,67453.782496
124.622663,11,67520.541682
86.778591,8,67568.383596
124.749413,11,67636.22284
124.710191,11,67703.004136
118.556604,11,67769.468365
123.692243,11,67837.055726
68.974911,2,67849.528406
120.167992,11,67914.233071
118.391521,11,67980.00683
123.39356,11,68045.050112
117.090195,11,68109.132225
121.712944,6,68146.417517
84.215144,7,68188.452447
124.528328,11,68253.880991
67.263017,6,68289.547692
123.733541,11,68355.719968
120.221928,11,68421.496238
83.626057,3,68441.045152
118.273706,11,68508.369386
77.543419,6,68546.162397
81.774806,7,68588.755123
67.420764,7,68631.70167
125.807296,11,68696.848963
84.942638,8,68746.293503
114.393002,11,68811.561428
121.679963,11,68876.74454
100.920318,8,68924.17619
142.243478,8,68972.953267
123.571856,11,69040.660719
118.112871,11,69106.095865
121.16247,11,69173.898329
122.547633,6,69211.594283
148.796509,8,69262.525743
126.745645,11,69327.750319
148.048763,8,69375.326773
67.861683,2,69388.85793
160.144889,9,69442.108831
103.157661,10,69500.786592
72.406082,7,69543.007058
168.158403,10,69603.340575
62.10906,6,69639.907452
74.254733,8,69689.528247
125.164903,11,69756.306108
100.031432,8,69805.844875
117.327879,6,69841.854355
100.496303,11,69908.704962
124.95067,11,69973.690164
116.329801,10,70033.520175
118.710936,11,70099.42869
123.204299,11,70164.605255
109.832201,5,70195.169588
63.771654,6,70230.960161
93.753207,9,70286.021708
109.790277,5,70317.137241
122.628742,6,70353.854559
121.627266,11,70419.924236
169.951436,10,70478.54336
124.22342,11,70543.550541
123.941574,11,70608.521454
124.087825,11,70675.005371
84.514467,11,70741.299421
102.275518,5,70772.203985
121.69245,11,70838.006005
123.513337,11,70903.376772
75.005126,7,70944.756672
112.775948,7,70986.682902
123.047281,11,71050.538772
119.908348,11,71116.111832
170.975871,10,71174.171338
116.832329,11,71239.020618
118.226489,11,71303.948688
120.449535,11,71369.668368
121.993195,11,71435.187251
109.055687,5,71467.332294
113.278757,10,71529.591959
78.71781,8,71578.533489
77.865503,6,71615.150156
123.259815,11,71680.662774
70.267454,7,71723.050625
122.74063,11,71787.046306
123.076615,11,71852.500373
118.610261,11,71917.48023
113.910496,11,71982.008035
95.72979,4,72007.0594
122.345294,11,72072.476907
121.379205,11,72136.61082
120.975424,7,72176.792283
119.041091,11,72242.026378
172.029727,10,72301.20899
58.655865,5,72330.641511
124.024536,11,72397.82141
76.824064,8,72445.543253
120.174414,11,72510.840595
101.301459,10,72572.659396
111.276085,11,72637.355116
125.446171,11,72702.025779
119.530537,6,72738.242522
124.003131,11,72803.971777
84.757762,8,72851.442836
141.718335,11,72917.772835
120.281361,11,72982.410384
85.544938,8,73030.654037
123.262569,11,73095.873678
123.994297,11,73160.682148
142.70505,8,73209.486062
119.218579,11,73275.030034
118.489014,11,73339.42462
120.211239,10,73399.653886
122.926948,11,73466.007534
124.66215,11,73530.618654
147.407311,8,73579.902408
118.429735,11,73646.318299
81.01127,8,73693.719267
117.240902,11,73758.233123
87.122323,8,73805.236772
158.260699,10,73865.25002
120.805208,11,73930.024987
173.245862,10,73989.518828
94.814248,4,74014.271643
120.430826,11,74077.905529
124.448996,11,74143.290967
120.053118,11,74209.386686
126.149107,11,74275.416452
101.822006,11,74339.93314
124.567569,11,74405.437489
98.857504,9,74458.51944
121.519916,11,74523.55266
124.171368,11,74590.888826
55.87421,6,74627.795169
114.279986,11,74690.950927
74.930942,8,74738.178752
123.76915,11,74802.949929
90.584752,7,74845.551716
116.144362,11,74912.046853
114.383878,11,74978.18293
59.90497,6,75014.927122
124.154003,11,75079.86281
124.006295,11,75145.531088
123.101323,11,75210.382062
101.995266,11,75276.142645
167.798166,10,75336.492024
117.553542,11,75402.661745
119.486013,11,75467.628578
131.506153,11,75533.281581
125.243358,11,75599.982478
121.164516,11,75665.078151
116.67313,11,75731.157747
122.346875,11,75795.639594
103.54646,10,75857.9892
115.382113,11,75922.621089
95.384215,8,75970.46029
123.970053,11,76036.587682
119.448906,10,76095.020047
3.0,1,76102.803096
120.232157,11,76169.004176
117.66644,11,76234.520849
92.783976,8,76281.855558
122.042035,11,76347.940122
171.655423,10,76409.836118
76.219424,7,76451.880059
138.571841,11,76517.52584
124.385696,11,76582.468599
122.472378,11,76644.834255
135.746352,7,76687.19135
120.775422,11,76753.524115
125.148261,11,76818.653521
93.630889,9,76873.147908
108.431304,10,76935.499985
48.0,1,76942.934443
121.019022,11,77007.205539
120.180172,11,77072.955593
119.300849,11,77139.014185
128.197664,10,77196.499641
122.997093,11,77260.397494
119.819868,11,77324.797801
118.431154,11,77389.952915
122.637422,11,77455.034716
120.413132,11,77521.904141
124.621252,11,77586.045604
148.096132,8,77633.568411
148.050992,8,77681.177335
125.387664,11,77746.877641
120.671036,11,77810.534534
123.056513,11,77877.847507
120.744077,11,77944.443974
59.094914,6,77979.811258
125.46923,11,78044.127078
120.791419,11,78109.91724
126.602604,10,78169.309733
121.268368,6,78205.810606
108.845402,5,78236.766728
141.80751,11,78303.548312
131.290718,7,78345.66749
115.066268,11,78409.758353
121.998539,11,78473.841139
123.666877,11,78540.656163
123.828103,11,78605.446769
86.737585,9,78658.64036
119.068157,11,78724.030637
77.051089,7,78767.125908
90.476543,9,78821.022274
3.0,1,78828.554352
102.981972,11,78894.74017
120.475457,11,78961.339561
108.936884,5,78991.538347
124.1399,11,79057.521171
104.026984,11,79123.858566
61.683608,6,79159.359854
119.259539,11,79223.794399
85.271481,8,79273.155112
83.661504,3,79292.752892
80.540068,7,79337.170845
124.224185,11,79403.219006
125.65809,11,79468.305209
102.184349,11,79531.409563
147.325685,8,79580.29582
125.758512,11,79646.28452
123.927525,11,79712.150156
125.694586,11,79777.052883
82.633895,7,79818.767084
122.008481,6,79854.466084
119.681589,11,79918.923527
61.643046,6,79955.782182
95.015492,10,80015.417214
122.134839,6,80052.782946
90.761381,7,80096.203381
115.772665,11,80163.215542
173.397865,10,80222.499088
121.776418,6,80259.48277
97.541699,11,80324.748016
125.225677,11,80389.284722
122.900915,11,80455.402537
120.034992,11,80520.753561
120.886677,11,80586.633739
124.49254,11,80652.512035
141.909071,8,80699.363997
171.191014,10,80760.727108
125.506968,11,80825.461055
125.116148,11,80893.19513
111.65834,11,80959.110621
123.02308,11,81026.578078
118.017419,11,81091.981293
121.484765,11,81158.964616
133.646453,7,81200.580658
122.791473,11,81266.076952
64.405878,6,81301.80934
116.206316,11,81366.47981
112.021756,11,81431.627967
119.638699,11,81496.563499
55.300841,7,81538.31061
3.0,1,81545.424017
119.779778,11,81609.047257
146.333597,8,81655.695962
147.036566,8,81703.439976
121.550749,11,81768.704947
126.164693,11,81833.687478
121.193468,11,81897.380385
123.38871,11,81962.996818
72.39101,7,82005.522842
121.629033,6,82042.405516
118.890716,11,82107.800858
117.429977,11,82174.304018
111.246799,9,82228.103831
122.88926,11,82294.026664
145.911862,8,82340.902868
68.440735,7,82383.540179
121.45763,11,82449.052956
123.701686,11,82513.28797
126.643144,11,82579.018647
160.095923,9,82631.919352
125.035404,11,82698.019556
86.202254,8,82747.228157
123.518085,11,82811.85211
124.353938,11,82877.117371
122.461709,6,82914.902704
117.148284,11,82980.415999
121.801074,11,83044.834622
123.387141,11,83110.54569
108.451117,5,83140.815398
121.965309,11,83204.668262
3.0,1,83212.417138
104.047052,11,83276.134459
118.312755,11,83343.263461
103.095852,11,83410.235802
115.283012,11,83472.832091
115.915235,11,83539.568639
81.362816,7,83582.514087
123.753815,11,83647.644917
86.083804,8,83696.646476
65.884106,6,83732.378837
123.482853,11,83799.251048
126.453859,11,83865.683964
115.310772,11,83930.17674
159.020183,9,83983.310472
120.389833,11,84046.995989
123.081658,11,84112.149057
121.473941,11,84177.935416
117.670201,11,84242.014209
140.707577,11,84309.378227
122.978983,11,84373.609779
87.37089,9,84427.158207
115.604307,11,84494.370033
123.906666,11,84559.356503
119.26815,11,84624.841323
123.950386,11,84692.205512
115.536263,11,84757.363138
121.981527,11,84822.324258
109.669023,5,84852.639667
105.897832,11,84917.791835
3.0,1,84925.156106
122.893061,11,84991.127901
121.997325,11,85057.927284
124.668408,11,85123.869418
100.856931,9,85177.592894
127.029192,11,85242.337724
119.790628,11,85308.319089
121.031135,11,85373.10426
99.427183,8,85420.590961
121.110847,11,85486.637048
96.147159,9,85542.165297
124.216328,11,85607.73027
124.124646,11,85672.522079
122.660375,11,85737.61919
155.514567,9,85789.167259
93.3182,4,85813.819818
74.640354,7,85855.601171
118.185088,11,85920.887794
106.81012,5,85952.901585
121.701747,11,86018.903511
125.9144,11,86084.473588
124.525064,11,86151.523093
118.134236,11,86217.115417
103.094122,10,86278.565279
102.900658,10,86340.84861
113.75094,11,86405.96565
70.485271,2,86419.697927
123.871965,11,86486.363954
123.567289,11,86552.135437
115.971256,11,86617.236795
121.144526,11,86683.029714
121.230702,11,86747.945004
120.216137,6,86785.667612
124.184819,11,86851.256339
122.395606,11,86917.445729
74.164746,8,86966.003017
120.390317,11,87032.193969
124.274835,11,87098.816802
116.043556,11,87163.449639
115.123745,11,87228.892125
125.896104,11,87293.412157
118.773358,11,87359.808772
119.018458,11,87426.011768
90.559414,8,87474.492325
115.806249,11,87539.741181
98.593966,11,87604.541774
109.215271,5,87636.874847
81.65907,7,87679.007614
125.688282,11,87743.823965
119.275998,11,87809.789735
125.802793,11,87876.661735
115.345328,11,87941.438862
112.181874,11,88006.630191
85.295858,8,88054.989212
106.624962,9,88109.509218
82.734678,8,88157.255673
123.037824,11,88221.719439
112.144637,11,88287.585718
125.578875,11,88351.293113
125.611457,11,88418.187915
120.317542,11,88484.893347
105.492326,11,88549.044469
82.706041,9,88603.840101
123.930696,11,88667.869502
51.900043,4,88693.903835
120.472747,11,88758.21772
140.781293,11,88824.412574
126.395495,11,88891.051378
111.064421,10,88954.040701
120.133853,11,89019.668292
125.799102,11,89085.702699
132.726678,7,89128.241775
125.649324,11,89193.397855
105.058948,11,89258.621202
122.525584,11,89322.496733
123.746642,11,89389.319702
125.944388,11,89454.213828
107.451236,10,89516.867958
121.400473,11,89583.412545
125.803604,11,89647.637814
126.141789,11,89711.37952
118.351557,11,89776.444624
78.423959,8,89823.014782
125.468625,7,89863.979328
112.100627,10,89926.276304
119.071753,11,89990.715987
120.658099,6,90026.851385
124.723654,11,90093.812562
117.411993,11,90160.501197
127.196994,11,90226.396409
98.466976,8,90274.058189
72.312478,7,90316.793288
123.798475,11,90382.441354
124.866089,11,90446.642929
124.572131,11,90513.207578
124.222185,11,90577.647092
95.092612,8,90626.54002
80.862049,8,90674.948906
123.920841,11,90742.475276
70.803953,2,90755.644502
122.770165,11,90818.606559
124.800625,11,90881.427645
124.91579,11,90948.137446
122.416742,11,91010.655224
131.623855,7,91053.462704
124.65117,11,91117.587973
124.278729,11,91183.771705
123.675306,11,91248.570579
122.930124,11,91314.778812
125.174522,11,91377.998131
75.722473,8,91425.353796
121.861153,11,91490.66889
119.520686,6,91528.103442
121.034904,11,91592.253232
118.924856,11,91659.134617
109.269811,5,91690.039052
125.75394,11,91755.502463
125.309287,11,91820.471149
118.658837,11,91884.983047
126.058317,11,91950.498652
122.298199,11,92015.687988
124.087394,11,92080.771375
115.592141,11,92146.739235
121.990345,11,92211.731361
83.378323,3,92231.005511
146.813547,8,92278.015079
119.396854,11,92343.851719
131.674469,7,92386.498691
123.631172,11,92451.863834
119.464624,10,92513.246612
121.04807,11,92577.464398
124.748193,11,92642.116162
120.767052,11,92707.545205
78.549406,7,92750.245471
112.517656,11,92814.811489
132.23236,7,92857.899923
124.267547,11,92922.241196
119.518586,11,92985.733095
126.223861,11,93049.966293
112.33166,11,93114.028608
97.113002,9,93167.378421
96.173675,10,93225.226926
122.304256,11,93289.460516
96.895768,9,93342.751599
125.408067,11,93407.910228
110.843772,11,93472.123677
107.60207,5,93503.12503
110.25104,11,93569.398999
122.748627,6,93605.447284
122.584501,11,93671.551496
126.402516,11,93737.6755
120.968271,6,93774.736298
82.914255,8,93823.063031
102.511212,8,93871.605356
126.060596,11,93938.340049
123.102353,11,94001.862713
124.949596,11,94065.428017
116.947854,11,94128.422043
118.365564,11,94193.353085
123.227311,11,94257.237944
122.953532,11,94321.829103
79.909163,7,94363.105697
141.31619,8,94411.726966
123.68378,11,94476.825862
114.123997,11,94541.375705
116.796722,11,94605.168869
116.631258,11,94667.551915
113.184925,6,94703.133199
122.624033,11,94767.504236
117.728766,11,94833.564112
125.685389,11,94896.84001
123.987011,11,94962.236742
116.967212,11,95029.249021
121.773619,11,95095.238737
119.723259,11,95159.781311
73.824079,7,95202.596905
117.508,11,95268.204491
125.062033,11,95334.035485
135.363463,7,95375.667789
83.865302,3,95395.165823
122.251548,11,95459.697747
135.597728,7,95502.738152
69.610957,2,95515.583797
123.223358,11,95580.815813
116.544006,11,95647.11593
118.002526,11,95712.969723
122.221062,11,95780.529086
126.724172,7,95823.033249
124.602753,11,95888.933667
124.235576,11,95953.743825
125.158951,10,96014.010776
116.887593,11,96080.08437
126.77057,11,96144.228276
125.418514,11,96210.143095
129.117669,7,96251.979904
135.534396,7,96293.683962
125.437449,11,96360.349056
127.651834,11,96424.974263
125.30042,11,96490.278546
139.469053,8,96537.140663
123.341924,11,96603.769638
108.710194,11,96671.044465
96.307529,9,96724.372913
126.304261,11,96787.913028
117.835518,11,96853.442075
123.005354,11,96919.506032
108.137858,5,96949.995345
123.17144,11,97012.945476
122.461267,11,97077.488734
119.556754,11,97141.488757
123.426552,11,97206.055374
126.318785,11,97271.236727
82.758055,3,97289.537201
113.204501,11,97353.810315
109.272549,10,97416.786125
126.5966,11,97481.977437
124.318146,11,97549.270263
123.919566,11,97614.545294
123.077135,11,97679.386679
124.561849,11,97746.224224
117.731489,11,97811.102504
95.55337,8,97858.105772
124.827939,11,97921.801174
134.805529,7,97964.300642
119.951641,11,98029.816983
123.952315,11,98094.383538
122.472266,6,98132.354602
121.998056,6,98168.165561
95.207073,8,98214.749583
121.374985,11,98279.660512
89.836819,7,98322.782286
81.563955,7,98368.680284
56.590973,1,98375.74971
117.931845,11,98440.451709
124.937247,11,98505.113034
125.531302,11,98571.396589
123.040389,11,98637.779212
89.892417,8,98685.735599
89.830031,7,98728.112265
123.945998,11,98792.645373
123.931479,11,98858.544892
106.168785,5,98888.813083
125.246534,11,98953.779098
160.679997,9,99007.951385
116.539202,10,99067.709749
122.293482,11,99132.414879
121.598165,11,99197.580338
81.54005,3,99217.294832
124.442905,11,99282.726262
147.749566,8,99330.491534
134.328856,7,99372.677756
100.652576,9,99427.882835
121.522017,11,99491.558268
122.884801,11,99558.658748
115.143583,9,99613.341968
90.134822,7,99655.455557
83.939785,8,99703.972812
122.149177,11,99768.396072
134.562875,11,99833.72226
122.229121,11,99897.758276
117.306891,11,99961.962092
96.855138,4,99987.41165
103.347013,8,100035.055757
119.598721,11,100100.925892
124.804631,11,100166.440622
120.585694,11,100230.820851
109.765307,5,100260.958137
126.367846,11,100326.526289
132.339217,7,100368.203425
132.103863,7,100409.669786
123.494635,11,100474.560048
126.823615,11,100538.47603
124.928719,11,100605.169999
126.849576,11,100669.641514
115.108518,11,100733.585251
123.657591,11,100797.41099
121.807527,11,100862.384182
118.993112,11,100926.450861
123.769981,11,100991.098975
121.084199,11,101055.251239
55.395802,6,101091.937374
44.319034,5,101122.034522
57.996602,1,101130.024626
122.558276,11,101195.631835
122.673857,11,101260.647474
123.918196,11,101325.949024
117.126168,11,101390.815921
102.016241,9,101444.017787
126.101815,11,101509.270147
94.819964,8,101558.182
122.311322,6,101595.331117
123.767998,11,101663.614384
83.883855,7,101707.329549
123.626842,11,101771.745351
122.400755,11,101836.599074
90.398663,7,101877.680805
122.302542,11,101942.796724
98.379998,10,102002.929983
121.692203,11,102069.061924
143.02266,8,102119.043705
120.86132,11,102184.30936
105.532527,10,102243.709412
126.252928,11,102306.532993
126.293464,11,102372.22851
123.714175,11,102439.427475
77.717067,3,102459.04332
126.841359,11,102522.742845
125.240707,11,102588.041785
139.14889,8,102636.043068
114.042912,10,102695.740502
118.29154,11,102758.272697
102.724605,8,102805.578181
126.536633,11,102870.090597
125.066003,11,102935.542156
118.427685,11,103001.678267
126.167831,11,103067.787631
122.583472,11,103132.78929
146.003058,8,103181.710078
124.032611,11,103246.60931
119.909849,11,103312.028708
126.920709,11,103377.040542
58.445335,6,103413.907431
172.858166,10,103473.602333
122.152508,11,103539.454013
124.729248,11,103605.00912
115.456735,11,103670.608822
83.646467,3,103690.035787
115.660236,11,103755.252624
118.789236,11,103820.68441
120.460661,11,103886.200583
113.825035,11,103951.367193
124.688972,11,104017.435698
125.992454,11,104083.246065
173.006425,10,104142.665954
124.442862,11,104208.715476
119.905114,11,104274.316654
123.877059,11,104340.25084
87.466056,8,104388.381381
123.003696,11,104453.197894
126.942951,11,104518.177807
150.49222,9,104571.763347
113.554438,11,104637.336972
118.500437,11,104703.501491
122.193791,11,104770.562939
131.336346,7,104812.166572
124.746776,11,104878.243664
85.316471,7,104919.950548
119.542902,11,104986.48825
122.615119,11,105053.675349
125.347973,11,105118.914493
96.272948,4,105144.19248
120.366416,7,105187.143514
57.535781,1,105194.927976
126.324836,11,105259.976706
119.488147,11,105324.943434
124.283265,11,105391.932505
124.166763,11,105457.542562
124.326506,11,105523.711
122.680073,11,105589.56489
147.308999,8,105636.409973
124.235193,11,105700.948224
124.144802,11,105764.543866
119.148485,11,105830.180563
77.52081,6,105867.012565
123.792289,11,105931.587661
122.726084,11,105996.855285
127.068921,11,106062.490145
96.113593,4,106087.538102
123.905747,11,106153.678745
120.846982,11,106218.656142
120.036386,11,106282.922712
126.179598,11,106349.286553
172.162441,10,106408.702183
123.102772,11,106474.244821
122.547989,11,106538.861374
125.160268,11,106602.38693
90.338885,7,106644.075388
96.90943,4,106669.468968
124.254683,11,106733.167489
102.01361,9,106787.352095
124.07731,11,106852.352025
121.636864,11,106917.534207
115.488778,11,106982.900566
96.51773,4,107007.581584
126.451798,11,107072.849737
123.337407,11,107138.604388
125.163588,11,107202.35144
122.59094,11,107266.538132
124.42902,11,107330.915361
108.507531,10,107391.713981
160.484436,9,107444.333581
124.079978,11,107510.730621
116.92427,11,107576.964571
124.373719,11,107641.384127
134.236883,7,107683.219775
88.05936,8,107730.96766
121.378235,11,107795.690494
124.384799,11,107862.446968
125.561882,11,107926.301291
122.162621,11,107990.045016
122.580091,11,108054.678724
123.090007,11,108121.460957
65.522558,7,108164.117515
99.529606,8,108212.115417
116.279156,11,108277.309438
121.047533,11,108342.926919
120.162006,11,108408.242481
123.333886,11,108474.432445
126.356424,11,108539.991509
111.242775,11,108605.264146
122.326471,11,108670.960786
113.620698,11,108736.291804
61.245,6,108771.180086
123.644699,11,108836.523573
126.35108,11,108900.589542
120.506675,11,108965.456628
115.760453,11,109029.640873
125.28715,11,109094.708003
77.510166,6,109130.504816
124.127567,11,109196.45874
125.396072,11,109263.55986
126.099468,11,109328.360876
145.553981,8,109376.56038
103.442549,11,109440.77856
106.419591,5,109471.104025
124.900777,11,109536.759749
124.008779,11,109602.926378
120.336819,11,109669.857441
82.930911,3,109689.338083
123.114711,11,109755.36956
108.808973,5,109786.290222
135.094712,7,109827.333625
115.051588,11,109892.960732
123.737709,11,109958.561711
124.925307,11,110024.719293
125.119706,11,110092.484227
133.504385,7,110136.587608
126.433829,11,110201.866513
121.547468,11,110267.842975
134.469875,7,110310.804515
123.810678,11,110376.791593
125.162203,11,110444.180183
124.7588,11,110512.309796
125.705061,11,110577.898318
147.821236,8,110627.067675
124.087901,11,110692.212208
120.454311,11,110758.362947
124.139898,11,110822.702488
83.530642,3,110841.684832
121.2665,11,110907.446359
116.639136,11,110974.044818
120.694056,11,111039.028188
125.120377,11,111104.56123
147.090092,8,111152.477353
126.281346,11,111218.344144
123.121233,11,111284.133809
83.048878,3,111302.879929
116.803331,11,111369.543406
119.538645,11,111436.593623
69.775764,2,111450.226904
88.152697,7,111491.947071
123.738908,11,111556.109103
137.789037,11,111621.542935
124.937797,11,111687.725577
111.012963,11,111752.824966
109.786606,10,111815.289241
122.641288,11,111882.663879
124.182031,11,111947.256866
64.950674,5,111977.690812
108.282044,5,112007.956674
119.212862,11,112072.930625
63.559597,6,112109.537859
125.186166,11,112175.795017
123.783971,11,112241.773111
124.453591,11,112306.803742
124.537112,11,112372.161715
122.049663,6,112409.369354
123.896106,11,112474.012963
76.331034,3,112492.121745
121.780274,11,112557.221549
78.75625,8,112606.770478
123.26325,11,112671.986741
126.023935,11,112737.936836
123.335364,11,112801.036146
123.110278,11,112867.971636
107.114068,5,112898.821442
124.421816,11,112963.516376
121.043345,6,113000.219057
120.952898,11,113065.387736
121.526,11,113128.988445
108.955798,5,113159.066255
134.86262,7,113201.525502
123.947548,11,113265.765803
122.06591,11,113331.417691
126.689788,11,113396.653472
125.926547,11,113462.555411
119.094477,11,113526.038173
123.25313,11,113590.288873
125.552627,11,113654.614315
124.910347,11,113719.237728
121.76387,11,113783.362768
121.921327,6,113820.243288
125.39252,11,113885.534867
117.591421,11,113950.196376
120.877808,11,114015.365954
96.733809,4,114040.265076
123.288002,11,114107.328429
123.775488,11,114173.081315
121.672242,11,114237.9295
124.710944,11,114302.962173
123.279202,11,114370.376924
118.358508,11,114434.492927
122.057009,11,114498.39309
120.268202,11,114562.674417
69.850008,2,114575.612806
140.605299,8,114623.746255
124.404833,11,114688.191156
147.537657,8,114736.088252
122.24658,11,114800.001036
122.167233,11,114864.829366
124.571637,11,114929.759414
111.476512,9,114983.644508
115.528189,11,115048.77189
123.645277,11,115113.637917
121.064892,11,115181.527303
101.020399,8,115229.489947
126.297253,11,115295.928823
132.879694,7,115338.420803
124.57547,11,115402.286378
125.972963,11,115468.855579
109.854572,10,115531.805223
124.910235,11,115597.358388
121.112022,11,115662.636067
128.260989,10,115722.868953
119.620712,11,115790.543479
122.881159,11,115856.078236
127.06005,11,115920.11965
124.401468,11,115984.539381
41.254623,5,116013.507414
119.734302,11,116078.2157
124.864272,11,116143.267708
123.049311,11,116207.166123
126.344887,10,116266.269409
123.834726,11,116332.232114
119.808167,11,116396.871918
124.622573,11,116463.232367
119.437856,11,116529.003195
118.4825,11,116593.817385
120.046698,11,116658.800654
123.291719,11,116723.765424
98.025102,9,116775.818111
160.65635,9,116829.630125
114.1403,11,116894.312307
147.087743,8,116942.478641
124.358168,11,117009.296319
100.759006,8,117057.679136
98.339728,9,117111.24497
119.628486,11,117176.634209
124.436698,11,117240.598558
109.151851,5,117271.560756
120.688687,6,117307.194418
148.341402,8,117354.359626
125.060959,11,117419.876925
125.283443,11,117484.291683
124.628719,11,117548.383655
54.881288,1,117555.927775
127.107973,11,117621.279208
121.432967,11,117687.741417
82.981576,8,117734.743141
131.176618,7,117777.508039
124.750931,11,117843.328983
120.828417,11,117907.856106
118.559725,11,117973.309223
123.099029,11,118038.846417
102.850485,8,118086.594275
121.516678,11,118152.870981
114.452814,11,118220.790883
124.413766,11,118286.74666
112.893879,11,118351.055062
118.152231,11,118416.376732
96.744223,8,118464.925234
160.216592,9,118518.786733
123.10089,11,118583.151925
126.285149,11,118650.053925
143.747469,8,118698.904069
117.478418,11,118764.435575
125.426904,11,118830.891459
123.605876,11,118897.200665
109.757052,9,118949.873573
126.018924,11,119016.568348
122.746733,11,119082.682132
123.763302,11,119149.005208
158.828932,9,119201.207154
99.111528,8,119248.76563
121.139863,11,119313.438875
125.162483,11,119380.13294
124.866009,11,119444.608616
120.574479,11,119510.798288
124.934803,11,119575.304927
122.690308,11,119641.480337
146.032259,8,119689.650458
104.047173,5,119719.569677
120.206569,11,119783.118813
125.105177,11,119849.824321
70.149455,7,119892.396346
122.412608,11,119956.110234
119.497656,6,119992.217474
126.057579,11,120058.901932
147.128519,8,120106.161191
101.465906,8,120154.930817
120.441933,11,120218.599395
140.978985,11,120284.295926
124.724475,11,120350.242733
123.339356,11,120414.927372
107.952972,5,120445.165935
139.175504,11,120510.746672
138.687353,11,120576.064232
121.662451,11,120640.010254
127.991432,11,120704.624399
126.798103,11,120770.058359
135.385001,7,120812.324731
82.499371,3,120832.082285
125.22237,11,120897.458683
122.659452,11,120962.6924
96.213391,4,120988.557813
144.704183,8,121037.066333
68.474705,6,121072.312767
